[[0, 55], [56, 59, 93, 96], [60, 96, 56, 92]]
[0,55] [93, 96] [56, 92]


[[0, 0, 69, 69], [1, 69, 0, 68]]
[0, 0, 69, 69], [1, 55, 0, 54]
[69,69] [0,54]

[[45, 67, 77, 99], [68, 80, 64, 76], [81, 99, 45, 63]]
[69,69, 65, 65], [45, 54, 77, 86], [1,44]
[65,65][77,86][1,44]

[[18, 87, 25, 94], [88, 94, 18, 24]]
[65, 65, 72, 72], [77, 86, 84, 93]
[1,44][72, 72][84,93]

[[0, 41, 11, 52], [42, 48, 0, 6], [49, 56, 53, 60], [57, 60, 7, 10]]
[1,41,12,53][72,72][84,93][42,44,2,4]
[12,53][72,72][84,53][2,4]

[[0, 36, 15, 51], [37, 38, 52, 53], [39, 53, 0, 14]]
[27,51][52,53],[0,14][72,72][84,93]

[[50, 51, 98, 99], [52, 99, 50, 97]]
[0,14][27,49][98,99][50,51][70,70][82, 91]

[79,92][55,67]
[79,92]